     # lambda [um] =     1.60000E+00
   # ksca [cm^2/g] =     3.69571E+03
   # kabs [cm^2/g] =     6.90751E+02
               # g =     7.70613E-01
           # omega =     8.42527E-01
   # omega * (1-g) =     1.93265E-01
     0.00000E+00    3.01874E+04   -9.35835E-14    3.01853E+04    3.01853E+04    5.26643E-14    3.01841E+04
     1.00000E+00    2.94859E+04   -5.14644E+00    2.94838E+04    2.94838E+04   -6.81685E-01    2.94826E+04
     2.00000E+00    2.75245E+04   -1.92649E+01    2.75223E+04    2.75223E+04   -2.57473E+00    2.75209E+04
     3.00000E+00    2.46725E+04   -3.89971E+01    2.46705E+04    2.46705E+04   -5.25232E+00    2.46690E+04
     4.00000E+00    2.13972E+04   -6.03484E+01    2.13953E+04    2.13953E+04   -8.10052E+00    2.13940E+04
     5.00000E+00    1.81156E+04   -7.99886E+01    1.81134E+04    1.81132E+04   -1.04674E+01    1.81119E+04
     6.00000E+00    1.50985E+04   -9.58749E+01    1.50970E+04    1.50967E+04   -1.19500E+01    1.50952E+04
     7.00000E+00    1.24643E+04   -1.07171E+02    1.24624E+04    1.24622E+04   -1.25905E+01    1.24607E+04
     8.00000E+00    1.02184E+04   -1.13873E+02    1.02167E+04    1.02159E+04   -1.26525E+01    1.02141E+04
     9.00000E+00    8.32376E+03   -1.16408E+02    8.32185E+03    8.32102E+03   -1.23257E+01    8.31935E+03
     1.00000E+01    6.74510E+03   -1.15550E+02    6.74315E+03    6.74220E+03   -1.16978E+01    6.74045E+03
     1.10000E+01    5.45861E+03   -1.12371E+02    5.45665E+03    5.45561E+03   -1.08460E+01    5.45370E+03
     1.20000E+01    4.44291E+03   -1.08256E+02    4.44100E+03    4.43966E+03   -9.88610E+00    4.43802E+03
     1.30000E+01    3.66552E+03   -1.04438E+02    3.66350E+03    3.66215E+03   -8.96458E+00    3.66043E+03
     1.40000E+01    3.08168E+03   -1.01634E+02    3.07973E+03    3.07826E+03   -8.17740E+00    3.07653E+03
     1.50000E+01    2.64197E+03   -9.98767E+01    2.64006E+03    2.63824E+03   -7.52025E+00    2.63663E+03
     1.60000E+01    2.30252E+03   -9.87435E+01    2.30068E+03    2.29863E+03   -6.92796E+00    2.29702E+03
     1.70000E+01    2.03132E+03   -9.77636E+01    2.02949E+03    2.02720E+03   -6.31838E+00    2.02555E+03
     1.80000E+01    1.80772E+03   -9.66880E+01    1.80587E+03    1.80332E+03   -5.63289E+00    1.80173E+03
     1.90000E+01    1.61924E+03   -9.55021E+01    1.61735E+03    1.61461E+03   -4.87829E+00    1.61296E+03
     2.00000E+01    1.45789E+03   -9.43203E+01    1.45599E+03    1.45297E+03   -4.12084E+00    1.45136E+03
     2.10000E+01    1.31774E+03   -9.32373E+01    1.31580E+03    1.31255E+03   -3.43870E+00    1.31096E+03
     2.20000E+01    1.19431E+03   -9.22810E+01    1.19237E+03    1.18884E+03   -2.87478E+00    1.18728E+03
     2.30000E+01    1.08434E+03   -9.13918E+01    1.08242E+03    1.07859E+03   -2.42920E+00    1.07704E+03
     2.40000E+01    9.85778E+02   -9.05015E+01    9.83846E+02    9.79735E+02   -2.07674E+00    9.78188E+02
     2.50000E+01    8.97751E+02   -8.95848E+01    8.95847E+02    8.91422E+02   -1.80728E+00    8.89869E+02
     2.60000E+01    8.19844E+02   -8.87316E+01    8.17950E+02    8.13171E+02   -1.62101E+00    8.11679E+02
     2.70000E+01    7.51875E+02   -8.80068E+01    7.49980E+02    7.44853E+02   -1.49940E+00    7.43364E+02
     2.80000E+01    6.93110E+02   -8.75119E+01    6.91218E+02    6.85701E+02   -1.39830E+00    6.84239E+02
     2.90000E+01    6.42086E+02   -8.72079E+01    6.40186E+02    6.34285E+02   -1.28214E+00    6.32847E+02
     3.00000E+01    5.96879E+02   -8.69770E+01    5.94963E+02    5.88648E+02   -1.14970E+00    5.87233E+02
     3.10000E+01    5.55703E+02   -8.66839E+01    5.53797E+02    5.47051E+02   -1.01901E+00    5.45656E+02
     3.20000E+01    5.17459E+02   -8.62293E+01    5.15555E+02    5.08347E+02   -9.08424E-01    5.06976E+02
     3.30000E+01    4.81781E+02   -8.56124E+01    4.79874E+02    4.72237E+02   -8.32079E-01    4.70879E+02
     3.40000E+01    4.48888E+02   -8.49071E+01    4.46994E+02    4.38860E+02   -7.95368E-01    4.37549E+02
     3.50000E+01    4.18944E+02   -8.42034E+01    4.17059E+02    4.08445E+02   -7.84054E-01    4.07189E+02
     3.60000E+01    3.91830E+02   -8.35105E+01    3.89957E+02    3.80874E+02   -7.65348E-01    3.79621E+02
     3.70000E+01    3.67033E+02   -8.27695E+01    3.65172E+02    3.55615E+02   -7.04714E-01    3.54389E+02
     3.80000E+01    3.43958E+02   -8.19033E+01    3.42111E+02    3.32106E+02   -5.87489E-01    3.30885E+02
     3.90000E+01    3.22217E+02   -8.08829E+01    3.20355E+02    3.09918E+02   -4.25881E-01    3.08729E+02
     4.00000E+01    3.01758E+02   -7.97397E+01    2.99911E+02    2.89036E+02   -2.49204E-01    2.87868E+02
     4.10000E+01    2.82806E+02   -7.85806E+01    2.80960E+02    2.69659E+02   -9.44201E-02    2.68508E+02
     4.20000E+01    2.65558E+02   -7.75005E+01    2.63715E+02    2.51993E+02    1.30594E-02    2.50843E+02
     4.30000E+01    2.50086E+02   -7.65539E+01    2.48245E+02    2.36059E+02    6.43056E-02    2.34933E+02
     4.40000E+01    2.36235E+02   -7.57205E+01    2.34400E+02    2.21742E+02    6.85833E-02    2.20627E+02
     4.50000E+01    2.23785E+02   -7.50107E+01    2.21948E+02    2.08796E+02    4.23370E-02    2.07700E+02
     4.60000E+01    2.12567E+02   -7.44137E+01    2.10710E+02    1.97048E+02   -2.07812E-03    1.95964E+02
     4.70000E+01    2.02518E+02   -7.39880E+01    2.00657E+02    1.86432E+02   -6.04019E-02    1.85367E+02
     4.80000E+01    1.93649E+02   -7.38019E+01    1.91787E+02    1.76924E+02   -1.32512E-01    1.75878E+02
     4.90000E+01    1.85931E+02   -7.38929E+01    1.84075E+02    1.68489E+02   -2.15862E-01    1.67453E+02
     5.00000E+01    1.79206E+02   -7.42453E+01    1.77350E+02    1.60952E+02   -3.02571E-01    1.59931E+02
     5.10000E+01    1.73173E+02   -7.47383E+01    1.71326E+02    1.54040E+02   -3.82477E-01    1.53039E+02
     5.20000E+01    1.67507E+02   -7.52359E+01    1.65670E+02    1.47468E+02   -4.47116E-01    1.46497E+02
     5.30000E+01    1.61956E+02   -7.56010E+01    1.60121E+02    1.41007E+02   -4.92313E-01    1.40061E+02
     5.40000E+01    1.56400E+02   -7.57853E+01    1.54570E+02    1.34571E+02   -5.18046E-01    1.33639E+02
     5.50000E+01    1.50886E+02   -7.58142E+01    1.49062E+02    1.28187E+02   -5.25620E-01    1.27280E+02
     5.60000E+01    1.45527E+02   -7.57471E+01    1.43708E+02    1.21956E+02   -5.14738E-01    1.21069E+02
     5.70000E+01    1.40384E+02   -7.56321E+01    1.38568E+02    1.15934E+02   -4.85810E-01    1.15060E+02
     5.80000E+01    1.35401E+02   -7.54418E+01    1.33586E+02    1.10068E+02   -4.41888E-01    1.09215E+02
     5.90000E+01    1.30437E+02   -7.50823E+01    1.28627E+02    1.04258E+02   -3.88447E-01    1.03421E+02
     6.00000E+01    1.25386E+02   -7.44818E+01    1.23582E+02    9.84317E+01   -3.32970E-01    9.76167E+01
     6.10000E+01    1.20239E+02   -7.36246E+01    1.18440E+02    9.25933E+01   -2.80286E-01    9.18010E+01
     6.20000E+01    1.15110E+02   -7.25757E+01    1.13326E+02    8.68387E+01   -2.32334E-01    8.60710E+01
     6.30000E+01    1.10196E+02   -7.14766E+01    1.08424E+02    8.13191E+01   -1.88061E-01    8.05775E+01
     6.40000E+01    1.05648E+02   -7.04403E+01    1.03890E+02    7.61387E+01   -1.46110E-01    7.54225E+01
     6.50000E+01    1.01536E+02   -6.95392E+01    9.97896E+01    7.13289E+01   -1.05691E-01    7.06395E+01
     6.60000E+01    9.78169E+01   -6.87548E+01    9.60769E+01    6.68539E+01   -6.66769E-02    6.61878E+01
     6.70000E+01    9.44092E+01   -6.80429E+01    9.26779E+01    6.26433E+01   -2.80858E-02    6.20061E+01
     6.80000E+01    9.12305E+01   -6.73557E+01    8.95009E+01    5.86447E+01    1.25240E-02    5.80299E+01
     6.90000E+01    8.82120E+01   -6.66506E+01    8.64841E+01    5.48070E+01    5.85437E-02    5.42116E+01
     7.00000E+01    8.53310E+01   -6.59159E+01    8.36058E+01    5.11072E+01    1.11579E-01    5.05364E+01
     7.10000E+01    8.25600E+01   -6.51401E+01    8.08363E+01    4.75273E+01    1.70403E-01    4.69791E+01
     7.20000E+01    7.98899E+01   -6.43164E+01    7.81677E+01    4.40648E+01    2.31103E-01    4.35392E+01
     7.30000E+01    7.73115E+01   -6.34413E+01    7.55892E+01    4.07114E+01    2.89547E-01    4.02097E+01
     7.40000E+01    7.48202E+01   -6.25125E+01    7.30957E+01    3.74714E+01    3.43678E-01    3.69926E+01
     7.50000E+01    7.24342E+01   -6.15526E+01    7.07111E+01    3.43526E+01    3.93421E-01    3.38963E+01
     7.60000E+01    7.01580E+01   -6.05726E+01    6.84351E+01    3.13564E+01    4.38439E-01    3.09172E+01
     7.70000E+01    6.79964E+01   -5.95814E+01    6.62742E+01    2.84741E+01    4.77362E-01    2.80546E+01
     7.80000E+01    6.59308E+01   -5.85745E+01    6.42102E+01    2.57024E+01    5.07933E-01    2.52989E+01
     7.90000E+01    6.39523E+01   -5.75375E+01    6.22315E+01    2.30394E+01    5.29901E-01    2.26506E+01
     8.00000E+01    6.20333E+01   -5.64549E+01    6.03133E+01    2.04777E+01    5.43893E-01    2.01025E+01
     8.10000E+01    6.01830E+01   -5.53350E+01    5.84626E+01    1.80229E+01    5.51727E-01    1.76643E+01
     8.20000E+01    5.84061E+01   -5.41906E+01    5.66874E+01    1.56743E+01    5.53689E-01    1.53321E+01
     8.30000E+01    5.67252E+01   -5.30520E+01    5.50089E+01    1.34324E+01    5.49158E-01    1.31080E+01
     8.40000E+01    5.51451E+01   -5.19305E+01    5.34342E+01    1.12870E+01    5.37394E-01    1.09849E+01
     8.50000E+01    5.36703E+01   -5.08342E+01    5.19638E+01    9.23983E+00    5.18509E-01    8.96024E+00
     8.60000E+01    5.23055E+01   -4.97695E+01    5.06037E+01    7.28767E+00    4.94270E-01    7.02932E+00
     8.70000E+01    5.10459E+01   -4.87379E+01    4.93478E+01    5.42921E+00    4.67038E-01    5.19341E+00
     8.80000E+01    4.99100E+01   -4.77602E+01    4.82173E+01    3.65782E+00    4.38902E-01    3.44598E+00
     8.90000E+01    4.89023E+01   -4.68487E+01    4.72144E+01    1.96549E+00    4.09947E-01    1.77660E+00
     9.00000E+01    4.80320E+01   -4.60149E+01    4.63501E+01    3.35323E-01    3.79562E-01    1.70753E-01
     9.10000E+01    4.72899E+01   -4.52605E+01    4.56161E+01   -1.24738E+00    3.46055E-01   -1.38673E+00
     9.20000E+01    4.66623E+01   -4.45707E+01    4.49999E+01   -2.79248E+00    3.09012E-01   -2.90651E+00
     9.30000E+01    4.61446E+01   -4.39428E+01    4.44933E+01   -4.30412E+00    2.69846E-01   -4.39349E+00
     9.40000E+01    4.57272E+01   -4.33670E+01    4.40899E+01   -5.78411E+00    2.32361E-01   -5.85042E+00
     9.50000E+01    4.53996E+01   -4.28292E+01    4.37749E+01   -7.23134E+00    2.01752E-01   -7.27674E+00
     9.60000E+01    4.51448E+01   -4.23171E+01    4.35351E+01   -8.65031E+00    1.81535E-01   -8.67559E+00
     9.70000E+01    4.49363E+01   -4.18035E+01    4.33394E+01   -1.00425E+01    1.72869E-01   -1.00479E+01
     9.80000E+01    4.47411E+01   -4.12568E+01    4.31538E+01   -1.14064E+01    1.73500E-01   -1.13939E+01
     9.90000E+01    4.45216E+01   -4.06408E+01    4.29417E+01   -1.27373E+01    1.80061E-01   -1.27062E+01
     1.00000E+02    4.42486E+01   -3.99300E+01    4.26721E+01   -1.40230E+01    1.88477E-01   -1.39734E+01
     1.01000E+02    4.39046E+01   -3.91161E+01    4.23325E+01   -1.52517E+01    1.95241E-01   -1.51828E+01
     1.02000E+02    4.35034E+01   -3.82161E+01    4.19348E+01   -1.64122E+01    1.97422E-01   -1.63270E+01
     1.03000E+02    4.30798E+01   -3.72698E+01    4.15144E+01   -1.75091E+01    1.93212E-01   -1.74057E+01
     1.04000E+02    4.26897E+01   -3.63329E+01    4.11282E+01   -1.85569E+01    1.82889E-01   -1.84361E+01
     1.05000E+02    4.23810E+01   -3.54536E+01    4.08224E+01   -1.95793E+01    1.67700E-01   -1.94411E+01
     1.06000E+02    4.21804E+01   -3.46514E+01    4.06250E+01   -2.05972E+01    1.48869E-01   -2.04416E+01
     1.07000E+02    4.20723E+01   -3.39130E+01    4.05213E+01   -2.16147E+01    1.27103E-01   -2.14397E+01
     1.08000E+02    4.20132E+01   -3.31998E+01    4.04677E+01   -2.26128E+01    1.02280E-01   -2.24204E+01
     1.09000E+02    4.19532E+01   -3.24753E+01    4.04182E+01   -2.35669E+01    7.59012E-02   -2.33550E+01
     1.10000E+02    4.18689E+01   -3.17267E+01    4.03467E+01   -2.44612E+01    5.15023E-02   -2.42288E+01
     1.11000E+02    4.17713E+01   -3.09656E+01    4.02652E+01   -2.52994E+01    3.38419E-02   -2.50446E+01
     1.12000E+02    4.16962E+01   -3.02165E+01    4.02061E+01   -2.61082E+01    2.60772E-02   -2.58331E+01
     1.13000E+02    4.16756E+01   -2.94993E+01    4.02017E+01   -2.69180E+01    2.77151E-02   -2.66217E+01
     1.14000E+02    4.17168E+01   -2.88092E+01    4.02552E+01   -2.77423E+01    3.50038E-02   -2.74286E+01
     1.15000E+02    4.17946E+01   -2.81266E+01    4.03428E+01   -2.85702E+01    4.33614E-02   -2.82375E+01
     1.16000E+02    4.18702E+01   -2.74229E+01    4.04229E+01   -2.93692E+01    4.97907E-02   -2.90217E+01
     1.17000E+02    4.19064E+01   -2.66839E+01    4.04654E+01   -3.01129E+01    5.32675E-02   -2.97475E+01
     1.18000E+02    4.18909E+01   -2.59066E+01    4.04538E+01   -3.07825E+01    5.33105E-02   -3.03971E+01
     1.19000E+02    4.18319E+01   -2.50983E+01    4.03984E+01   -3.13825E+01    5.00833E-02   -3.09771E+01
     1.20000E+02    4.17472E+01   -2.42735E+01    4.03188E+01   -3.19305E+01    4.52165E-02   -3.15014E+01
     1.21000E+02    4.16634E+01   -2.34424E+01    4.02391E+01   -3.24514E+01    4.32951E-02   -3.19994E+01
     1.22000E+02    4.16044E+01   -2.26212E+01    4.01820E+01   -3.29666E+01    4.93641E-02   -3.24928E+01
     1.23000E+02    4.15929E+01   -2.18238E+01    4.01743E+01   -3.34949E+01    6.52038E-02   -3.29983E+01
     1.24000E+02    4.16497E+01   -2.10673E+01    4.02316E+01   -3.40521E+01    8.65152E-02   -3.35340E+01
     1.25000E+02    4.17856E+01   -2.03605E+01    4.03701E+01   -3.46475E+01    1.04348E-01   -3.41060E+01
     1.26000E+02    4.19958E+01   -1.97028E+01    4.05828E+01   -3.52758E+01    1.09069E-01   -3.47118E+01
     1.27000E+02    4.22549E+01   -1.90744E+01    4.08433E+01   -3.59194E+01    9.57653E-02   -3.53329E+01
     1.28000E+02    4.25228E+01   -1.84554E+01    4.11129E+01   -3.65489E+01    6.71891E-02   -3.59375E+01
     1.29000E+02    4.27582E+01   -1.78217E+01    4.13477E+01   -3.71262E+01    3.15909E-02   -3.64883E+01
     1.30000E+02    4.29336E+01   -1.71645E+01    4.15217E+01   -3.76332E+01   -1.89989E-03   -3.69669E+01
     1.31000E+02    4.30569E+01   -1.64921E+01    4.16434E+01   -3.80723E+01   -2.80609E-02   -3.73753E+01
     1.32000E+02    4.31614E+01   -1.58235E+01    4.17467E+01   -3.84711E+01   -4.76226E-02   -3.77478E+01
     1.33000E+02    4.32970E+01   -1.51847E+01    4.18796E+01   -3.88791E+01   -6.64350E-02   -3.81275E+01
     1.34000E+02    4.34953E+01   -1.45840E+01    4.20770E+01   -3.93260E+01   -9.19446E-02   -3.85479E+01
     1.35000E+02    4.37554E+01   -1.40158E+01    4.23370E+01   -3.98114E+01   -1.28593E-01   -3.90112E+01
     1.36000E+02    4.40447E+01   -1.34641E+01    4.26275E+01   -4.03147E+01   -1.74598E-01   -3.94907E+01
     1.37000E+02    4.43245E+01   -1.29104E+01    4.29067E+01   -4.07937E+01   -2.22484E-01   -3.99508E+01
     1.38000E+02    4.45685E+01   -1.23473E+01    4.31559E+01   -4.12305E+01   -2.63636E-01   -4.03713E+01
     1.39000E+02    4.47875E+01   -1.17827E+01    4.33777E+01   -4.16301E+01   -2.92052E-01   -4.07563E+01
     1.40000E+02    4.50087E+01   -1.12279E+01    4.36055E+01   -4.20202E+01   -3.06749E-01   -4.11328E+01
     1.41000E+02    4.52556E+01   -1.06940E+01    4.38592E+01   -4.24214E+01   -3.10476E-01   -4.15177E+01
     1.42000E+02    4.55309E+01   -1.01799E+01    4.41415E+01   -4.28356E+01   -3.07329E-01   -4.19178E+01
     1.43000E+02    4.58141E+01   -9.67968E+00    4.44301E+01   -4.32431E+01   -3.00856E-01   -4.23104E+01
     1.44000E+02    4.60843E+01   -9.18240E+00    4.47065E+01   -4.36291E+01   -2.93691E-01   -4.26812E+01
     1.45000E+02    4.63180E+01   -8.67732E+00    4.49448E+01   -4.39721E+01   -2.87074E-01   -4.30074E+01
     1.46000E+02    4.65287E+01   -8.16452E+00    4.51585E+01   -4.42852E+01   -2.80891E-01   -4.33054E+01
     1.47000E+02    4.67394E+01   -7.64999E+00    4.53714E+01   -4.45928E+01   -2.72765E-01   -4.35936E+01
     1.48000E+02    4.69775E+01   -7.14122E+00    4.56073E+01   -4.49200E+01   -2.60881E-01   -4.38998E+01
     1.49000E+02    4.72386E+01   -6.64429E+00    4.58631E+01   -4.52608E+01   -2.46632E-01   -4.42165E+01
     1.50000E+02    4.75226E+01   -6.16529E+00    4.61379E+01   -4.56142E+01   -2.36152E-01   -4.45417E+01
     1.51000E+02    4.78020E+01   -5.70487E+00    4.64049E+01   -4.59512E+01   -2.37782E-01   -4.48495E+01
     1.52000E+02    4.80631E+01   -5.26644E+00    4.66522E+01   -4.62575E+01   -2.55876E-01   -4.51258E+01
     1.53000E+02    4.83105E+01   -4.85728E+00    4.68855E+01   -4.65411E+01   -2.87479E-01   -4.53779E+01
     1.54000E+02    4.85442E+01   -4.47670E+00    4.71050E+01   -4.68035E+01   -3.22004E-01   -4.56109E+01
     1.55000E+02    4.88007E+01   -4.12908E+00    4.73480E+01   -4.70850E+01   -3.47510E-01   -4.58636E+01
     1.56000E+02    4.90891E+01   -3.80880E+00    4.76255E+01   -4.73967E+01   -3.57477E-01   -4.61500E+01
     1.57000E+02    4.94417E+01   -3.50813E+00    4.79670E+01   -4.77732E+01   -3.55867E-01   -4.65012E+01
     1.58000E+02    4.98630E+01   -3.21804E+00    4.83782E+01   -4.82182E+01   -3.53490E-01   -4.69199E+01
     1.59000E+02    5.03346E+01   -2.93378E+00    4.88353E+01   -4.87070E+01   -3.61198E-01   -4.73823E+01
     1.60000E+02    5.08246E+01   -2.65907E+00    4.93107E+01   -4.92090E+01   -3.80436E-01   -4.78552E+01
     1.61000E+02    5.12733E+01   -2.40084E+00    4.97440E+01   -4.96609E+01   -4.02157E-01   -4.82777E+01
     1.62000E+02    5.16212E+01   -2.16459E+00    5.00743E+01   -5.00087E+01   -4.11864E-01   -4.85960E+01
     1.63000E+02    5.18318E+01   -1.94850E+00    5.02697E+01   -5.02116E+01   -3.97645E-01   -4.87719E+01
     1.64000E+02    5.19186E+01   -1.74470E+00    5.03430E+01   -5.02906E+01   -3.57020E-01   -4.88240E+01
     1.65000E+02    5.19093E+01   -1.54459E+00    5.03211E+01   -5.02743E+01   -2.96650E-01   -4.87821E+01
     1.66000E+02    5.18818E+01   -1.34720E+00    5.02793E+01   -5.02378E+01   -2.28403E-01   -4.87245E+01
     1.67000E+02    5.19001E+01   -1.15925E+00    5.02872E+01   -5.02503E+01   -1.63591E-01   -4.87142E+01
     1.68000E+02    5.20237E+01   -9.89881E-01    5.04012E+01   -5.03669E+01   -1.08581E-01   -4.88110E+01
     1.69000E+02    5.22710E+01   -8.43744E-01    5.06376E+01   -5.06036E+01   -6.37876E-02   -4.90278E+01
     1.70000E+02    5.26235E+01   -7.18569E-01    5.09786E+01   -5.09460E+01   -2.64424E-02   -4.93474E+01
     1.71000E+02    5.30493E+01   -6.08052E-01    5.13847E+01   -5.13550E+01    7.35359E-03   -4.97302E+01
     1.72000E+02    5.35118E+01   -5.08258E-01    5.18209E+01   -5.17958E+01    3.91179E-02   -5.01365E+01
     1.73000E+02    5.39880E+01   -4.18375E-01    5.22643E+01   -5.22465E+01    6.65585E-02   -5.05481E+01
     1.74000E+02    5.44826E+01   -3.38732E-01    5.27224E+01   -5.27120E+01    8.47653E-02   -5.09687E+01
     1.75000E+02    5.50000E+01   -2.66117E-01    5.31978E+01   -5.31940E+01    8.89953E-02   -5.14060E+01
     1.76000E+02    5.55220E+01   -1.95976E-01    5.36793E+01   -5.36777E+01    7.81571E-02   -5.18422E+01
     1.77000E+02    5.60117E+01   -1.26617E-01    5.41276E+01   -5.41265E+01    5.57787E-02   -5.22452E+01
     1.78000E+02    5.64190E+01   -6.32789E-02    5.44925E+01   -5.44942E+01    2.93665E-02   -5.25727E+01
     1.79000E+02    5.66844E+01   -1.71083E-02    5.47290E+01   -5.47290E+01    8.13638E-03   -5.27763E+01
     1.80000E+02    5.67714E+01    4.89206E-17    5.48123E+01   -5.48123E+01   -6.72387E-17   -5.28476E+01
