     # lambda [um] =     1.60000E+00
   # ksca [cm^2/g] =     6.98491E+03
   # kabs [cm^2/g] =     7.11495E+02
               # g =     9.00620E-01
           # omega =     9.07555E-01
   # omega * (1-g) =     9.01928E-02
     0.00000E+00    2.74949E+04   -3.62169E-14    2.74927E+04    2.74927E+04    6.07735E-14    2.74927E+04
     1.00000E+00    2.73859E+04   -4.29900E+00    2.73846E+04    2.73846E+04    9.37580E-01    2.73838E+04
     2.00000E+00    2.70658E+04   -1.69991E+01    2.70645E+04    2.70645E+04    3.71547E+00    2.70626E+04
     3.00000E+00    2.65378E+04   -3.75241E+01    2.65365E+04    2.65365E+04    8.22910E+00    2.65357E+04
     4.00000E+00    2.58148E+04   -6.49415E+01    2.58122E+04    2.58122E+04    1.43112E+01    2.58117E+04
     5.00000E+00    2.49131E+04   -9.80319E+01    2.49126E+04    2.49118E+04    2.17384E+01    2.49101E+04
     6.00000E+00    2.38511E+04   -1.35318E+02    2.38499E+04    2.38487E+04    3.02397E+01    2.38475E+04
     7.00000E+00    2.26504E+04   -1.75176E+02    2.26486E+04    2.26481E+04    3.95008E+01    2.26470E+04
     8.00000E+00    2.13374E+04   -2.15911E+02    2.13353E+04    2.13349E+04    4.92022E+01    2.13338E+04
     9.00000E+00    1.99352E+04   -2.55766E+02    1.99328E+04    1.99312E+04    5.90058E+01    1.99292E+04
     1.00000E+01    1.84702E+04   -2.93248E+02    1.84684E+04    1.84656E+04    6.85807E+01    1.84641E+04
     1.10000E+01    1.69695E+04   -3.26693E+02    1.69678E+04    1.69649E+04    7.76101E+01    1.69631E+04
     1.20000E+01    1.54583E+04   -3.55149E+02    1.54567E+04    1.54524E+04    8.58095E+01    1.54513E+04
     1.30000E+01    1.39598E+04   -3.77427E+02    1.39584E+04    1.39529E+04    9.29400E+01    1.39519E+04
     1.40000E+01    1.24962E+04   -3.93062E+02    1.24947E+04    1.24881E+04    9.88060E+01    1.24871E+04
     1.50000E+01    1.10861E+04   -4.01534E+02    1.10848E+04    1.10767E+04    1.03262E+02    1.10756E+04
     1.60000E+01    9.74610E+03   -4.02976E+02    9.74464E+03    9.73567E+03    1.06217E+02    9.73460E+03
     1.70000E+01    8.48896E+03   -3.97617E+02    8.48727E+03    8.47708E+03    1.07667E+02    8.47606E+03
     1.80000E+01    7.32524E+03   -3.85961E+02    7.32356E+03    7.31264E+03    1.07601E+02    7.31169E+03
     1.90000E+01    6.26089E+03   -3.68779E+02    6.25932E+03    6.24761E+03    1.06114E+02    6.24636E+03
     2.00000E+01    5.30048E+03   -3.47043E+02    5.29916E+03    5.28643E+03    1.03341E+02    5.28527E+03
     2.10000E+01    4.44444E+03   -3.21727E+02    4.44288E+03    4.42999E+03    9.93915E+01    4.42888E+03
     2.20000E+01    3.69152E+03   -2.93921E+02    3.69023E+03    3.67705E+03    9.44686E+01    3.67584E+03
     2.30000E+01    3.03821E+03   -2.64691E+02    3.03669E+03    3.02363E+03    8.87739E+01    3.02248E+03
     2.40000E+01    2.47887E+03   -2.35088E+02    2.47739E+03    2.46450E+03    8.24932E+01    2.46351E+03
     2.50000E+01    2.00669E+03   -2.06024E+02    2.00514E+03    1.99300E+03    7.58542E+01    1.99184E+03
     2.60000E+01    1.61409E+03   -1.78226E+02    1.61264E+03    1.60091E+03    6.90426E+01    1.59981E+03
     2.70000E+01    1.29258E+03   -1.52433E+02    1.29103E+03    1.28008E+03    6.22299E+01    1.27907E+03
     2.80000E+01    1.03344E+03   -1.29057E+02    1.03187E+03    1.02180E+03    5.55736E+01    1.02079E+03
     2.90000E+01    8.28216E+02   -1.08482E+02    8.26642E+02    8.17450E+02    4.92215E+01    8.16456E+02
     3.00000E+01    6.68515E+02   -9.08683E+01    6.66944E+02    6.58655E+02    4.32736E+01    6.57672E+02
     3.10000E+01    5.46648E+02   -7.62896E+01    5.45063E+02    5.37639E+02    3.78264E+01    5.36661E+02
     3.20000E+01    4.55347E+02   -6.45967E+01    4.53763E+02    4.47128E+02    3.29367E+01    4.46172E+02
     3.30000E+01    3.88334E+02   -5.56620E+01    3.86754E+02    3.80800E+02    2.86451E+01    3.79856E+02
     3.40000E+01    3.40016E+02   -4.91721E+01    3.38435E+02    3.33045E+02    2.49479E+01    3.32110E+02
     3.50000E+01    3.05657E+02   -4.47536E+01    3.04084E+02    2.99101E+02    2.18212E+01    2.98168E+02
     3.60000E+01    2.81357E+02   -4.20533E+01    2.79762E+02    2.75040E+02    1.92129E+01    2.74111E+02
     3.70000E+01    2.63916E+02   -4.06995E+01    2.62328E+02    2.57740E+02    1.70708E+01    2.56803E+02
     3.80000E+01    2.50894E+02   -4.03515E+01    2.49276E+02    2.44702E+02    1.53402E+01    2.43789E+02
     3.90000E+01    2.40427E+02   -4.06772E+01    2.38811E+02    2.34144E+02    1.39670E+01    2.33233E+02
     4.00000E+01    2.31208E+02   -4.14335E+01    2.29578E+02    2.24727E+02    1.28963E+01    2.23804E+02
     4.10000E+01    2.22353E+02   -4.23586E+01    2.20707E+02    2.15588E+02    1.20729E+01    2.14670E+02
     4.20000E+01    2.13325E+02   -4.32943E+01    2.11661E+02    2.06221E+02    1.14420E+01    2.05297E+02
     4.30000E+01    2.03868E+02   -4.41024E+01    2.02190E+02    1.96406E+02    1.09537E+01    1.95489E+02
     4.40000E+01    1.93903E+02   -4.46747E+01    1.92232E+02    1.86070E+02    1.05587E+01    1.85149E+02
     4.50000E+01    1.83536E+02   -4.49784E+01    1.81848E+02    1.75309E+02    1.02187E+01    1.74396E+02
     4.60000E+01    1.72895E+02   -4.50035E+01    1.71197E+02    1.64285E+02    9.90201E+00    1.63382E+02
     4.70000E+01    1.62170E+02   -4.47548E+01    1.60472E+02    1.53203E+02    9.58241E+00    1.52303E+02
     4.80000E+01    1.51583E+02   -4.42689E+01    1.49878E+02    1.42269E+02    9.24619E+00    1.41379E+02
     4.90000E+01    1.41307E+02   -4.35824E+01    1.39595E+02    1.31675E+02    8.88097E+00    1.30785E+02
     5.00000E+01    1.31521E+02   -4.27566E+01    1.29796E+02    1.21581E+02    8.48313E+00    1.20698E+02
     5.10000E+01    1.22335E+02   -4.18436E+01    1.20600E+02    1.12112E+02    8.05513E+00    1.11227E+02
     5.20000E+01    1.13844E+02   -4.08884E+01    1.12096E+02    1.03339E+02    7.59889E+00    1.02464E+02
     5.30000E+01    1.06090E+02   -3.99315E+01    1.04329E+02    9.53119E+01    7.12015E+00    9.44421E+01
     5.40000E+01    9.90916E+01   -3.90216E+01    9.73161E+01    8.80406E+01    6.62631E+00    8.71717E+01
     5.50000E+01    9.28350E+01   -3.81825E+01    9.10417E+01    8.15024E+01    6.12545E+00    8.06345E+01
     5.60000E+01    8.72835E+01   -3.74249E+01    8.54700E+01    7.56554E+01    5.61949E+00    7.47809E+01
     5.70000E+01    8.23731E+01   -3.67685E+01    8.05389E+01    7.04313E+01    5.11572E+00    6.95566E+01
     5.80000E+01    7.80534E+01   -3.62180E+01    7.61984E+01    6.57778E+01    4.61963E+00    6.49006E+01
     5.90000E+01    7.42512E+01   -3.57718E+01    7.23730E+01    6.16217E+01    4.13623E+00    6.07382E+01
     6.00000E+01    7.08979E+01   -3.54183E+01    6.89932E+01    5.78887E+01    3.67167E+00    5.70012E+01
     6.10000E+01    6.79248E+01   -3.51530E+01    6.59926E+01    5.45135E+01    3.23221E+00    5.36204E+01
     6.20000E+01    6.52677E+01   -3.49560E+01    6.33164E+01    5.14398E+01    2.82503E+00    5.05373E+01
     6.30000E+01    6.28763E+01   -3.48196E+01    6.09085E+01    4.86056E+01    2.45627E+00    4.77028E+01
     6.40000E+01    6.07003E+01   -3.47266E+01    5.87138E+01    4.59705E+01    2.13069E+00    4.50673E+01
     6.50000E+01    5.87030E+01   -3.46670E+01    5.67043E+01    4.34991E+01    1.85173E+00    4.25952E+01
     6.60000E+01    5.68431E+01   -3.46202E+01    5.48367E+01    4.11506E+01    1.61928E+00    4.02480E+01
     6.70000E+01    5.51024E+01   -3.45822E+01    5.30913E+01    3.89068E+01    1.43140E+00    3.80071E+01
     6.80000E+01    5.34625E+01   -3.45420E+01    5.14482E+01    3.67486E+01    1.28459E+00    3.58532E+01
     6.90000E+01    5.19005E+01   -3.44894E+01    4.98869E+01    3.46619E+01    1.17344E+00    3.37708E+01
     7.00000E+01    5.04119E+01   -3.44196E+01    4.83981E+01    3.26327E+01    1.09161E+00    3.17506E+01
     7.10000E+01    4.89874E+01   -3.43293E+01    4.69790E+01    3.06623E+01    1.03300E+00    2.97859E+01
     7.20000E+01    4.76271E+01   -3.42161E+01    4.56235E+01    2.87440E+01    9.91463E-01    2.78748E+01
     7.30000E+01    4.63172E+01   -3.40754E+01    4.43187E+01    2.68719E+01    9.62077E-01    2.60119E+01
     7.40000E+01    4.50627E+01   -3.39087E+01    4.30719E+01    2.50482E+01    9.39643E-01    2.41975E+01
     7.50000E+01    4.38600E+01   -3.37160E+01    4.18776E+01    2.32744E+01    9.20600E-01    2.24345E+01
     7.60000E+01    4.27109E+01   -3.34993E+01    4.07378E+01    2.15478E+01    9.02067E-01    2.07201E+01
     7.70000E+01    4.16136E+01   -3.32616E+01    3.96508E+01    1.98714E+01    8.81514E-01    1.90550E+01
     7.80000E+01    4.05666E+01   -3.29968E+01    3.86114E+01    1.82450E+01    8.57521E-01    1.74426E+01
     7.90000E+01    3.95710E+01   -3.27180E+01    3.76281E+01    1.66674E+01    8.29133E-01    1.58788E+01
     8.00000E+01    3.86266E+01   -3.24193E+01    3.66935E+01    1.51391E+01    7.95659E-01    1.43654E+01
     8.10000E+01    3.77340E+01   -3.21109E+01    3.58116E+01    1.36599E+01    7.57344E-01    1.29022E+01
     8.20000E+01    3.68904E+01   -3.17885E+01    3.49785E+01    1.22286E+01    7.14406E-01    1.14886E+01
     8.30000E+01    3.61000E+01   -3.14586E+01    3.42012E+01    1.08464E+01    6.67372E-01    1.01208E+01
     8.40000E+01    3.53572E+01   -3.11221E+01    3.34710E+01    9.50842E+00    6.16949E-01    8.80060E+00
     8.50000E+01    3.46674E+01   -3.07847E+01    3.27903E+01    8.21531E+00    5.64297E-01    7.52476E+00
     8.60000E+01    3.40240E+01   -3.04447E+01    3.21586E+01    6.96385E+00    5.10457E-01    6.29020E+00
     8.70000E+01    3.34282E+01   -3.01038E+01    3.15747E+01    5.75481E+00    4.56238E-01    5.09629E+00
     8.80000E+01    3.28791E+01   -2.97638E+01    3.10347E+01    4.58183E+00    4.03352E-01    3.94071E+00
     8.90000E+01    3.23748E+01   -2.94262E+01    3.05409E+01    3.44415E+00    3.52761E-01    2.82057E+00
     9.00000E+01    3.19123E+01   -2.90891E+01    3.00864E+01    2.34109E+00    3.05617E-01    1.73296E+00
     9.10000E+01    3.14886E+01   -2.87508E+01    2.96693E+01    1.26867E+00    2.63183E-01    6.75913E-01
     9.20000E+01    3.10993E+01   -2.84103E+01    2.92889E+01    2.25364E-01    2.26399E-01   -3.52332E-01
     9.30000E+01    3.07416E+01   -2.80672E+01    2.89379E+01   -7.90287E-01    1.96250E-01   -1.35339E+00
     9.40000E+01    3.04119E+01   -2.77160E+01    2.86132E+01   -1.77967E+00    1.73263E-01   -2.32859E+00
     9.50000E+01    3.01060E+01   -2.73559E+01    2.83133E+01   -2.74330E+00    1.58008E-01   -3.27881E+00
     9.60000E+01    2.98197E+01   -2.69831E+01    2.80328E+01   -3.68214E+00    1.50712E-01   -4.20397E+00
     9.70000E+01    2.95477E+01   -2.65969E+01    2.77661E+01   -4.59527E+00    1.51219E-01   -5.10288E+00
     9.80000E+01    2.92876E+01   -2.61920E+01    2.75123E+01   -5.48178E+00    1.59106E-01   -5.97614E+00
     9.90000E+01    2.90352E+01   -2.57683E+01    2.72657E+01   -6.34365E+00    1.73773E-01   -6.82272E+00
     1.00000E+02    2.87875E+01   -2.53236E+01    2.70267E+01   -7.17590E+00    1.94165E-01   -7.64024E+00
     1.01000E+02    2.85439E+01   -2.48575E+01    2.67909E+01   -7.97864E+00    2.19148E-01   -8.42848E+00
     1.02000E+02    2.83016E+01   -2.43735E+01    2.65570E+01   -8.75234E+00    2.47271E-01   -9.18677E+00
     1.03000E+02    2.80612E+01   -2.38662E+01    2.63264E+01   -9.49459E+00    2.77107E-01   -9.91270E+00
     1.04000E+02    2.78204E+01   -2.33414E+01    2.60977E+01   -1.02051E+01    3.06856E-01   -1.06060E+01
     1.05000E+02    2.75832E+01   -2.28031E+01    2.58719E+01   -1.08852E+01    3.35110E-01   -1.12678E+01
     1.06000E+02    2.73502E+01   -2.22508E+01    2.56500E+01   -1.15350E+01    3.60213E-01   -1.18979E+01
     1.07000E+02    2.71231E+01   -2.16904E+01    2.54375E+01   -1.21566E+01    3.80859E-01   -1.24970E+01
     1.08000E+02    2.69047E+01   -2.11257E+01    2.52335E+01   -1.27494E+01    3.95703E-01   -1.30712E+01
     1.09000E+02    2.66973E+01   -2.05584E+01    2.50417E+01   -1.33175E+01    4.03916E-01   -1.36170E+01
     1.10000E+02    2.65045E+01   -1.99925E+01    2.48640E+01   -1.38638E+01    4.04582E-01   -1.41410E+01
     1.11000E+02    2.63296E+01   -1.94314E+01    2.47058E+01   -1.43900E+01    3.97314E-01   -1.46441E+01
     1.12000E+02    2.61744E+01   -1.88797E+01    2.45682E+01   -1.49004E+01    3.82031E-01   -1.51302E+01
     1.13000E+02    2.60416E+01   -1.83374E+01    2.44519E+01   -1.53977E+01    3.58682E-01   -1.56016E+01
     1.14000E+02    2.59322E+01   -1.78057E+01    2.43604E+01   -1.58823E+01    3.27585E-01   -1.60638E+01
     1.15000E+02    2.58489E+01   -1.72879E+01    2.42929E+01   -1.63591E+01    2.89340E-01   -1.65175E+01
     1.16000E+02    2.57893E+01   -1.67844E+01    2.42525E+01   -1.68302E+01    2.44627E-01   -1.69636E+01
     1.17000E+02    2.57568E+01   -1.62922E+01    2.42355E+01   -1.72958E+01    1.94060E-01   -1.74071E+01
     1.18000E+02    2.57472E+01   -1.58141E+01    2.42432E+01   -1.77574E+01    1.38481E-01   -1.78455E+01
     1.19000E+02    2.57619E+01   -1.53478E+01    2.42717E+01   -1.82145E+01    7.89823E-02   -1.82795E+01
     1.20000E+02    2.57967E+01   -1.48944E+01    2.43233E+01   -1.86671E+01    1.63088E-02   -1.87110E+01
     1.21000E+02    2.58484E+01   -1.44507E+01    2.43925E+01   -1.91150E+01   -4.85952E-02   -1.91370E+01
     1.22000E+02    2.59152E+01   -1.40146E+01    2.44758E+01   -1.95550E+01   -1.14838E-01   -1.95576E+01
     1.23000E+02    2.59967E+01   -1.35868E+01    2.45710E+01   -1.99882E+01   -1.81359E-01   -1.99695E+01
     1.24000E+02    2.60865E+01   -1.31673E+01    2.46774E+01   -2.04133E+01   -2.47229E-01   -2.03724E+01
     1.25000E+02    2.61845E+01   -1.27533E+01    2.47898E+01   -2.08254E+01   -3.11555E-01   -2.07636E+01
     1.26000E+02    2.62866E+01   -1.23443E+01    2.49098E+01   -2.12265E+01   -3.73264E-01   -2.11456E+01
     1.27000E+02    2.63933E+01   -1.19431E+01    2.50320E+01   -2.16148E+01   -4.31512E-01   -2.15146E+01
     1.28000E+02    2.65040E+01   -1.15458E+01    2.51578E+01   -2.19905E+01   -4.85554E-01   -2.18705E+01
     1.29000E+02    2.66162E+01   -1.11555E+01    2.52869E+01   -2.23537E+01   -5.34529E-01   -2.22140E+01
     1.30000E+02    2.67320E+01   -1.07717E+01    2.54175E+01   -2.27050E+01   -5.77889E-01   -2.25465E+01
     1.31000E+02    2.68515E+01   -1.03937E+01    2.55539E+01   -2.30441E+01   -6.14927E-01   -2.28682E+01
     1.32000E+02    2.69774E+01   -1.00230E+01    2.56953E+01   -2.33782E+01   -6.45389E-01   -2.31832E+01
     1.33000E+02    2.71111E+01   -9.65972E+00    2.58402E+01   -2.37033E+01   -6.68986E-01   -2.34914E+01
     1.34000E+02    2.72526E+01   -9.30404E+00    2.59985E+01   -2.40279E+01   -6.85518E-01   -2.37957E+01
     1.35000E+02    2.74050E+01   -8.95733E+00    2.61664E+01   -2.43489E+01   -6.94906E-01   -2.40982E+01
     1.36000E+02    2.75712E+01   -8.61655E+00    2.63466E+01   -2.46708E+01   -6.97485E-01   -2.44028E+01
     1.37000E+02    2.77507E+01   -8.28633E+00    2.65386E+01   -2.49957E+01   -6.93581E-01   -2.47088E+01
     1.38000E+02    2.79434E+01   -7.96105E+00    2.67455E+01   -2.53266E+01   -6.83079E-01   -2.50206E+01
     1.39000E+02    2.81517E+01   -7.64316E+00    2.69666E+01   -2.56603E+01   -6.66799E-01   -2.53361E+01
     1.40000E+02    2.83737E+01   -7.33175E+00    2.71991E+01   -2.59989E+01   -6.45409E-01   -2.56571E+01
     1.41000E+02    2.86086E+01   -7.02710E+00    2.74457E+01   -2.63429E+01   -6.19017E-01   -2.59816E+01
     1.42000E+02    2.88544E+01   -6.72595E+00    2.77047E+01   -2.66924E+01   -5.88549E-01   -2.63096E+01
     1.43000E+02    2.91090E+01   -6.43015E+00    2.79700E+01   -2.70409E+01   -5.54755E-01   -2.66407E+01
     1.44000E+02    2.93732E+01   -6.13662E+00    2.82409E+01   -2.73920E+01   -5.17951E-01   -2.69706E+01
     1.45000E+02    2.96388E+01   -5.84771E+00    2.85179E+01   -2.77405E+01   -4.79141E-01   -2.72989E+01
     1.46000E+02    2.99098E+01   -5.56172E+00    2.87957E+01   -2.80839E+01   -4.38703E-01   -2.76242E+01
     1.47000E+02    3.01809E+01   -5.27923E+00    2.90754E+01   -2.84275E+01   -3.97391E-01   -2.79446E+01
     1.48000E+02    3.04511E+01   -5.00067E+00    2.93503E+01   -2.87620E+01   -3.55740E-01   -2.82563E+01
     1.49000E+02    3.07217E+01   -4.72500E+00    2.96256E+01   -2.90929E+01   -3.14427E-01   -2.85621E+01
     1.50000E+02    3.09896E+01   -4.45538E+00    2.98988E+01   -2.94160E+01   -2.73948E-01   -2.88613E+01
     1.51000E+02    3.12548E+01   -4.18908E+00    3.01672E+01   -2.97321E+01   -2.35065E-01   -2.91530E+01
     1.52000E+02    3.15191E+01   -3.92665E+00    3.04317E+01   -3.00440E+01   -1.98190E-01   -2.94373E+01
     1.53000E+02    3.17801E+01   -3.67061E+00    3.06958E+01   -3.03510E+01   -1.63931E-01   -2.97193E+01
     1.54000E+02    3.20426E+01   -3.41991E+00    3.09580E+01   -3.06530E+01   -1.32952E-01   -2.99958E+01
     1.55000E+02    3.23046E+01   -3.17555E+00    3.12208E+01   -3.09527E+01   -1.05242E-01   -3.02672E+01
     1.56000E+02    3.25661E+01   -2.93845E+00    3.14817E+01   -3.12498E+01   -8.16537E-02   -3.05373E+01
     1.57000E+02    3.28304E+01   -2.70812E+00    3.17470E+01   -3.15445E+01   -6.20037E-02   -3.08039E+01
     1.58000E+02    3.30933E+01   -2.48482E+00    3.20079E+01   -3.18352E+01   -4.64313E-02   -3.10697E+01
     1.59000E+02    3.33549E+01   -2.26931E+00    3.22699E+01   -3.21208E+01   -3.48270E-02   -3.13303E+01
     1.60000E+02    3.36141E+01   -2.06139E+00    3.25291E+01   -3.24057E+01   -2.70167E-02   -3.15913E+01
     1.61000E+02    3.38697E+01   -1.86216E+00    3.27852E+01   -3.26819E+01   -2.24145E-02   -3.18427E+01
     1.62000E+02    3.41175E+01   -1.67149E+00    3.30343E+01   -3.29490E+01   -2.05321E-02   -3.20859E+01
     1.63000E+02    3.43552E+01   -1.48982E+00    3.32713E+01   -3.32033E+01   -2.08645E-02   -3.23207E+01
     1.64000E+02    3.45824E+01   -1.31766E+00    3.34989E+01   -3.34446E+01   -2.26172E-02   -3.25403E+01
     1.65000E+02    3.47930E+01   -1.15541E+00    3.37110E+01   -3.36675E+01   -2.52495E-02   -3.27420E+01
     1.66000E+02    3.49854E+01   -1.00314E+00    3.39044E+01   -3.38711E+01   -2.80108E-02   -3.29308E+01
     1.67000E+02    3.51562E+01   -8.61331E-01    3.40780E+01   -3.40541E+01   -3.05094E-02   -3.30954E+01
     1.68000E+02    3.53069E+01   -7.30432E-01    3.42308E+01   -3.42113E+01   -3.22707E-02   -3.32415E+01
     1.69000E+02    3.54356E+01   -6.10451E-01    3.43612E+01   -3.43495E+01   -3.29265E-02   -3.33626E+01
     1.70000E+02    3.55409E+01   -5.01520E-01    3.44694E+01   -3.44623E+01   -3.23918E-02   -3.34636E+01
     1.71000E+02    3.56261E+01   -4.03610E-01    3.45555E+01   -3.45502E+01   -3.06013E-02   -3.35391E+01
     1.72000E+02    3.56916E+01   -3.16882E-01    3.46233E+01   -3.46190E+01   -2.76614E-02   -3.35983E+01
     1.73000E+02    3.57378E+01   -2.40999E-01    3.46710E+01   -3.46703E+01   -2.38157E-02   -3.36400E+01
     1.74000E+02    3.57694E+01   -1.75897E-01    3.47053E+01   -3.47035E+01   -1.93245E-02   -3.36662E+01
     1.75000E+02    3.57900E+01   -1.21454E-01    3.47260E+01   -3.47260E+01   -1.45968E-02   -3.36809E+01
     1.76000E+02    3.58010E+01   -7.73344E-02    3.47395E+01   -3.47395E+01   -9.97908E-03   -3.36870E+01
     1.77000E+02    3.58060E+01   -4.33113E-02    3.47426E+01   -3.47426E+01   -5.91633E-03   -3.36874E+01
     1.78000E+02    3.58078E+01   -1.91860E-02    3.47444E+01   -3.47444E+01   -2.73098E-03   -3.36873E+01
     1.79000E+02    3.58078E+01   -4.78791E-03    3.47454E+01   -3.47454E+01   -6.98190E-04   -3.36827E+01
     1.80000E+02    3.58083E+01   -5.92270E-17    3.47484E+01   -3.47484E+01    2.37380E-16   -3.36842E+01
